[app/ui]
version = 9.0.1
modtime = 1662716913.920314400

[app/launcher]
version = 9.0.1
modtime = 1662716913.927316600

[lookups/api_gateway_urls_list.csv]
owner = admin
version = 9.0.1
modtime = 1662718141.680471700
